-2.24564e-06 2.06844e-06 -6.95089e-08 -3.35919e-06 -3.6656e-06 -5.87722e-07
-4.68124e-06 7.51375e-06 -9.77604e-08 -5.9246e-06 -4.81801e-06 -1.2514e-06
-1.11752e-05 9.36305e-06 -2.12101e-07 -6.36337e-06 -6.4134e-06 -2.04819e-06
-4.73975e-06 2.08052e-06 -1.26477e-07 -5.17023e-06 -5.34081e-06 -1.76485e-06
-1.08335e-05 1.19724e-05 -1.78673e-07 -6.47033e-06 -6.13518e-06 -6.55986e-07
-3.09092e-06 8.13731e-06 -7.1123e-08 -6.08635e-06 -5.35809e-06 -4.94958e-07
-4.33487e-06 6.47388e-06 -1.02478e-07 -5.93626e-06 -5.46033e-06 -1.04109e-06
3.16241e-06 1.25492e-06 -5.47058e-09 -5.56158e-06 -4.91808e-06 -1.09914e-06
5.22228e-06 1.77946e-05 1.33051e-07 -6.60453e-06 -4.79504e-06 1.79952e-07
-5.86605e-06 8.39615e-06 -1.15173e-07 -6.09091e-06 -5.37754e-06 -6.3487e-07
-1.75982e-05 6.78614e-06 -3.25688e-07 -6.02046e-06 -5.92224e-06 -5.63413e-07
2.97565e-05 3.71401e-05 6.65974e-07 -7.26311e-06 -4.04382e-06 4.90606e-08
1.46239e-05 2.86555e-05 3.5104e-07 -6.94215e-06 -4.57683e-06 -1.39865e-06
2.32278e-05 3.04557e-05 5.13113e-07 -6.97732e-06 -4.29238e-06 -1.67487e-06
1.69647e-05 3.29554e-05 4.23486e-07 -7.05814e-06 -4.46264e-06 -1.05922e-06
-1.15996e-06 3.71107e-06 -8.18529e-08 -6.3732e-06 -4.86818e-06 -8.55639e-07
1.80346e-05 4.0104e-05 5.07435e-07 -7.10267e-06 -4.46679e-06 1.1246e-07
4.82672e-06 3.18495e-05 2.19826e-07 -6.97816e-06 -4.73088e-06 1.41104e-07
1.55248e-05 7.95473e-06 2.23434e-07 -6.59492e-06 -4.58982e-06 -2.79257e-06
2.45448e-05 5.89198e-07 3.13284e-07 -6.50294e-06 -4.43876e-06 -4.48121e-06
2.71366e-05 3.0526e-05 5.87027e-07 -6.72914e-06 -4.37893e-06 -4.86712e-06
6.41453e-05 8.79805e-05 1.67986e-06 -6.78147e-06 -4.15326e-06 -1.76909e-05
0.000144301 0.000153367 3.59575e-06 -6.57149e-06 -3.77712e-06 -2.90287e-05
0.00020209 0.000128009 4.35487e-06 -6.8647e-06 -3.85262e-06 -2.32233e-05
0.00062033 3.45e-05 1.11422e-05 -6.40319e-06 -4.88396e-06 -1.35818e-05
0.00102578 -3.08109e-05 2.04854e-05 -7.32257e-06 -6.41056e-06 -2.13939e-06
0.0011631 -4.63365e-05 2.33562e-05 -6.92933e-06 -7.47268e-06 6.66275e-06
0.00115855 4.0343e-05 2.63431e-05 -6.75697e-06 -6.82355e-06 1.0581e-05
0.00102443 0.000111822 2.32573e-05 -6.80742e-06 -4.80683e-06 8.29539e-06
0.000933203 0.000242056 2.19757e-05 -6.67197e-06 -1.39601e-06 3.15588e-06
0.000803504 0.000278074 1.78703e-05 -6.84072e-06 8.45212e-07 7.52111e-07
0.00073992 0.000346916 1.59651e-05 -8.01648e-06 4.15575e-06 -1.78196e-06
0.00062027 0.000378335 1.18142e-05 -7.7313e-06 6.63038e-06 -5.09644e-06
0.000600202 0.000391964 1.1069e-05 -1.00763e-05 8.58433e-06 -4.28468e-06
0.00052878 0.000415745 8.36242e-06 -9.41037e-06 1.017e-05 -4.0767e-06
0.000496092 0.00041939 7.41959e-06 -1.23703e-05 1.23351e-05 -2.20625e-06
0.000403182 0.00041783 3.83327e-06 -1.18398e-05 1.47549e-05 -2.26361e-06
0.00041608 0.000413798 4.35346e-06 -1.51687e-05 1.47159e-05 -9.62961e-07
0.000327054 0.000421759 6.58491e-07 -1.37532e-05 1.71685e-05 -5.00702e-07
0.000334648 0.000428448 1.34207e-06 -1.76462e-05 1.82017e-05 -9.17126e-07
0.000249449 0.000432917 -2.44065e-06 -1.55789e-05 2.07776e-05 -7.02404e-07
0.000272036 0.000433259 -7.89002e-07 -1.99235e-05 2.0784e-05 -1.22525e-06
0.00012866 0.000459455 -7.66145e-06 -1.41902e-05 2.47854e-05 -1.32027e-06
0.000127244 0.000391636 -7.59169e-06 -2.88789e-05 2.5324e-05 -3.0962e-06
0.000106463 0.000373945 -8.63699e-06 -2.86368e-05 2.68543e-05 -5.25194e-06
0.000112839 0.000486845 -5.76674e-06 -2.40675e-05 3.10942e-05 -6.0662e-06
-1.79153e-05 0.000525957 -1.35686e-05 -1.4591e-05 3.39282e-05 -3.07996e-06
-5.41009e-05 0.000349177 -1.51204e-05 -4.13316e-05 3.24392e-05 -1.72889e-06
-0.000159593 0.000382759 -2.19762e-05 -3.15797e-05 3.44627e-05 -1.31079e-06
-0.000141326 0.00034398 -1.97193e-05 -4.66552e-05 3.72303e-05 -3.35938e-06
-0.000243447 0.00041167 -2.77647e-05 -3.35019e-05 3.56995e-05 -3.23158e-06
-0.000219172 0.000352135 -2.38506e-05 -5.06476e-05 4.23216e-05 -6.03975e-06
-0.000310076 0.000419635 -3.20549e-05 -3.65237e-05 3.95493e-05 -5.71557e-06
-0.000227239 0.000309236 -2.35093e-05 -5.35621e-05 4.01143e-05 -9.6209e-06
-0.000345356 0.000369846 -3.51539e-05 -3.33314e-05 3.88654e-05 -8.28932e-06
-0.00028698 0.000192778 -2.90773e-05 -6.386e-05 3.69257e-05 -9.19057e-06
-0.000377383 0.000236853 -3.91657e-05 -4.79105e-05 3.69782e-05 -6.56902e-06
-0.00022092 0.000287647 -2.06274e-05 -5.48811e-05 3.77934e-05 -8.02547e-06
-0.000339739 0.000354671 -3.49571e-05 -2.93205e-05 3.57111e-05 -6.58804e-06
-0.000291912 0.000210231 -2.86111e-05 -6.28872e-05 3.75714e-05 -7.4264e-06
-0.000429816 0.000281366 -4.62241e-05 -3.06067e-05 3.63699e-05 -3.41385e-06
-0.000290294 0.000212411 -2.79295e-05 -6.2554e-05 3.7045e-05 -6.07838e-06
-0.000447122 0.000302499 -5.04215e-05 -2.10179e-05 3.3985e-05 -3.20513e-06
-0.000301232 0.000213902 -2.958e-05 -6.26554e-05 3.70642e-05 -4.15949e-06
-0.000405748 0.000292902 -4.52644e-05 -3.20644e-05 3.19122e-05 -2.74376e-06
-0.000201861 0.00031526 -2.02135e-06 -5.33601e-05 3.42119e-05 -6.23228e-06
-0.00035034 0.00045025 -2.46388e-05 -8.59945e-07 2.0102e-05 -1.08293e-06
-0.000296496 0.000258228 -2.41698e-05 -5.90708e-05 3.6584e-05 -4.77368e-06
-0.000468252 0.000400438 -5.54801e-05 5.02016e-06 2.35554e-05 2.08259e-06
-0.00028544 0.000281318 -2.07788e-05 -5.72694e-05 3.55092e-05 -1.99891e-06
-0.000406489 0.000404699 -4.48205e-05 -8.05761e-06 2.17163e-05 1.99638e-06
-0.000151215 0.000361913 2.79249e-05 -4.99992e-05 2.86769e-05 -3.09918e-06
-0.000306277 0.000536719 -3.00968e-06 2.29445e-05 4.06743e-06 5.13527e-06
-0.00028873 0.000277257 -2.34332e-05 -5.66493e-05 3.35688e-05 2.30086e-06
-0.000419133 0.000408428 -5.3175e-05 2.5284e-06 1.9192e-05 7.83627e-06
-0.000131661 0.000368641 4.32005e-05 -4.97075e-05 2.45963e-05 1.62196e-06
-0.000278765 0.000558759 1.11393e-05 3.31623e-05 -6.82619e-06 1.0095e-05
-0.000230512 0.000290443 -4.08142e-06 -5.42958e-05 2.83565e-05 2.83528e-06
-0.000389505 0.000487586 -4.58074e-05 3.94956e-05 -3.5562e-06 1.30282e-05
-0.000209134 0.000314074 5.70277e-06 -5.23926e-05 2.61505e-05 2.07485e-06
-0.000350008 0.000498081 -3.33119e-05 3.64059e-05 -5.15097e-06 1.02256e-05
-0.00019868 0.000323467 1.11495e-05 -5.14833e-05 2.42699e-05 3.53553e-06
-0.000333578 0.00049789 -2.7899e-05 3.73683e-05 -5.1464e-06 1.25735e-05
-0.000165766 0.000324735 2.54391e-05 -5.12218e-05 2.1206e-05 2.78234e-06
-0.000292472 0.000521203 -1.2317e-05 4.5443e-05 -1.89266e-05 1.19523e-05
-0.000183805 0.000328615 1.85753e-05 -5.02869e-05 2.09975e-05 2.68107e-06
-0.000277484 0.000471347 -9.45264e-06 1.97058e-05 -5.63711e-06 1.03999e-05
-3.12761e-05 0.00036692 0.00010374 -5.04649e-05 1.01523e-05 2.34032e-06
-0.00013689 0.000571656 7.67592e-05 4.87276e-05 -4.00278e-05 1.01285e-05
-0.000169898 0.000326385 2.70809e-05 -4.98935e-05 1.78577e-05 4.8643e-06
-0.000255596 0.000478685 4.01007e-06 2.56003e-05 -1.49995e-05 1.11759e-05
-3.85799e-06 0.000379123 0.000125972 -5.05489e-05 5.27932e-06 1.53614e-06
-0.000128803 0.000630153 9.42849e-05 8.3566e-05 -6.24978e-05 1.35865e-05
-0.000259582 0.000309186 -2.22381e-05 -4.71226e-05 2.14739e-05 4.26969e-06
-0.000414072 0.000557874 -7.30886e-05 0.000106376 -3.66576e-05 1.88888e-05
-0.000249594 0.000321888 -2.16172e-05 -4.59119e-05 1.92646e-05 4.79625e-06
-0.00037592 0.000523956 -7.32133e-05 8.03001e-05 -2.53332e-05 1.58124e-05
-0.000121503 0.000328603 4.91264e-05 -4.96351e-05 9.79104e-06 2.11291e-06
-0.000227244 0.000518437 9.41681e-06 6.63783e-05 -3.69369e-05 1.47752e-05
-0.000146726 0.000319749 3.67698e-05 -4.90797e-05 1.03296e-05 6.15742e-06
-0.000258547 0.000519865 -3.50606e-06 7.77819e-05 -3.93948e-05 1.75312e-05
-0.000164308 0.000340141 3.07859e-05 -4.65334e-05 8.93856e-06 7.47476e-06
-0.000239707 0.000491864 5.50171e-06 4.29906e-05 -2.96796e-05 1.57151e-05
1.22889e-05 0.000354968 0.000145706 -5.47048e-05 -4.8095e-06 5.76713e-06
-6.23161e-05 0.000569751 0.000130413 6.82859e-05 -7.82005e-05 1.6257e-05
-0.000120732 0.000328366 6.09441e-05 -4.88164e-05 3.8624e-06 6.87033e-06
-0.000236543 0.000576983 3.00943e-05 0.000117893 -7.34247e-05 2.21163e-05
-0.000233813 0.000312477 -1.50829e-05 -4.2115e-05 1.09644e-05 7.3679e-06
-0.000310222 0.000470379 -4.8892e-05 8.43508e-05 -3.90396e-05 1.90282e-05
-9.99619e-05 0.00024236 4.51819e-05 -4.75722e-05 -6.06496e-06 5.09975e-06
-0.000102004 0.000268557 2.72236e-05 1.88351e-05 -3.63212e-05 8.92304e-06
-9.24895e-05 0.000118402 3.1091e-05 -5.81545e-05 -7.62811e-06 1.63393e-06
-0.000133709 0.000208952 6.53417e-06 3.66417e-05 -4.56821e-05 1.0433e-05
-0.000151846 0.000180772 9.93567e-06 -4.5144e-05 -1.26091e-05 6.26464e-06
-0.00018656 0.000278422 -1.06055e-05 5.65327e-05 -5.48525e-05 1.49909e-05
-0.000138997 0.000185084 1.84811e-05 -4.68402e-05 -1.24943e-05 4.44947e-06
-0.000150298 0.000240683 4.16397e-06 2.44209e-05 -4.26876e-05 1.20801e-05
-5.3747e-05 0.000108408 3.19337e-05 -3.35437e-05 -6.48088e-06 1.10278e-06
-6.70872e-05 0.000171237 3.07801e-05 2.15019e-05 -4.38758e-05 8.1288e-06
-0.000157638 0.000124671 -9.86055e-06 -2.6584e-05 -7.26473e-06 7.07903e-06
-0.000196809 0.000215431 -2.80077e-05 7.05938e-05 -4.44398e-05 1.6217e-05
-0.000116155 0.000184669 3.49254e-05 -5.14361e-05 -1.58588e-05 6.29914e-06
-0.000165945 0.000317932 1.20968e-05 8.12959e-05 -7.69191e-05 1.68279e-05
-0.000119568 0.000154105 6.6961e-07 -1.93432e-05 -3.54323e-06 3.56118e-06
-0.00014786 0.000195276 -2.13563e-05 5.35251e-05 -3.52955e-05 1.1792e-05
-0.000195275 0.000108331 -3.45816e-05 -1.47733e-05 -3.66076e-06 7.9112e-06
-0.000242766 0.000197743 -4.93264e-05 6.24768e-05 -3.70698e-05 1.65904e-05
5.22087e-05 0.000284602 0.000176249 -6.48745e-05 -1.70073e-05 1.55864e-06
1.03755e-05 0.000440151 0.00016953 5.00663e-05 -8.79231e-05 1.49697e-05
-2.31219e-05 0.000214008 8.53691e-05 -2.8598e-05 -2.95155e-06 2.85829e-06
-6.39549e-05 0.000245288 5.26524e-05 4.82957e-05 -4.78121e-05 1.13528e-05
-0.000140754 0.00012631 2.57023e-06 -1.0686e-05 -1.42282e-05 8.25383e-06
-0.000217909 0.000259952 -1.09432e-05 0.000110921 -6.75623e-05 2.0718e-05
-6.18118e-05 0.00019878 5.67533e-05 -3.0249e-05 -6.40195e-06 3.40847e-06
-5.67069e-05 0.000286592 6.36279e-05 5.0114e-05 -5.77e-05 1.22708e-05
-5.64054e-05 0.000107742 2.7886e-05 -2.24548e-05 -2.45383e-06 2.33076e-06
-8.7976e-05 0.00012431 6.72169e-06 4.09277e-05 -3.43623e-05 8.86822e-06
-0.000156883 0.000131946 -2.05992e-06 -1.04398e-05 -2.00657e-05 9.37359e-06
-0.000215944 0.000250168 -1.19118e-05 0.000105643 -7.21341e-05 2.06617e-05
-4.2901e-05 0.000205454 8.30233e-05 -4.68306e-05 -7.22306e-06 3.93586e-06
-5.01042e-05 0.00026606 6.2204e-05 6.5165e-05 -6.80158e-05 1.34073e-05
-0.000122685 9.37523e-05 6.06152e-06 -2.27162e-05 -3.09226e-06 8.76097e-06
-0.000166456 0.000184669 -1.67578e-05 0.000105382 -4.74406e-05 1.90319e-05
-0.000159438 0.000142267 1.14557e-06 -2.87007e-05 -1.47792e-05 9.89329e-06
-0.000217292 0.000265388 -1.64402e-05 9.57434e-05 -6.73322e-05 2.32576e-05
-2.37531e-05 0.000234146 0.00011515 -6.10454e-05 -1.10196e-05 6.25228e-06
-4.84613e-05 0.000345609 0.000112893 2.92862e-05 -6.96089e-05 1.52526e-05
3.96763e-05 0.00019553 0.000146347 -5.28874e-05 -1.22439e-05 1.02809e-06
2.72404e-05 0.00036375 0.000190085 5.07944e-05 -9.58974e-05 1.43295e-05
-6.18407e-05 0.000152207 6.88352e-05 -4.92508e-05 -1.72552e-05 4.21757e-06
-8.80376e-05 0.000205201 4.53043e-05 5.60529e-05 -5.95493e-05 1.39497e-05
-0.000116343 0.000119075 2.55339e-05 -3.1284e-05 -2.16143e-05 8.98534e-06
-0.000137806 0.000193646 1.81946e-05 7.51108e-05 -6.68626e-05 1.72015e-05
-6.40304e-05 9.08184e-05 2.88502e-05 -2.62854e-05 -9.67538e-06 2.94473e-06
-7.27978e-05 0.000135775 3.15526e-05 2.06779e-05 -4.41431e-05 9.67361e-06
-7.29495e-05 7.1483e-05 4.55111e-05 -5.74334e-05 -1.04538e-05 3.39604e-06
-0.000108016 0.00017534 3.78923e-05 7.59532e-05 -7.50683e-05 1.57621e-05
-0.000135867 0.000152227 2.30783e-05 -3.59545e-05 -1.72878e-05 9.53021e-06
-0.000149156 0.000206071 9.9238e-06 5.00529e-05 -5.01219e-05 1.57664e-05
-4.83806e-06 0.000116182 0.000105779 -7.62571e-05 -2.07202e-05 4.37333e-07
-2.39316e-05 0.000175354 8.63656e-05 2.10659e-05 -6.92286e-05 9.72715e-06
-7.70725e-05 0.000106557 5.0961e-05 -4.89268e-05 -1.69649e-05 5.72501e-06
-0.00010881 0.00018773 3.46524e-05 8.28438e-05 -6.81352e-05 1.61411e-05
