-0.401778 0.00367026 2.59657 -0.0127768 0.000788899 0.361562 1731005842555
-0.402413 0.00400182 2.63123 -0.0127768 0.000788899 0.361562 1731005842651
-0.402751 0.00417794 2.64782 -0.0125589 0.000867216 0.348174 1731005842702
-0.402926 0.00451883 2.68385 -0.0103655 0.000965104 0.361147 1731005842802
-0.403142 0.00469456 2.70226 -0.0103655 0.000965104 0.361147 1731005842853
-0.403474 0.00493678 2.73629 -0.00973164 0.000349769 0.36217 1731005842952
-0.403661 0.00508139 2.75487 -0.00973164 0.000349769 0.36217 1731005843003
-0.404023 0.00536294 2.78876 -0.00948534 0.000440647 0.346926 1731005843102
-0.404025 0.00522368 2.80738 -0.008372 -0.00140848 0.362455 1731005843154
-0.404265 0.00532488 2.84321 -0.008372 -0.00140848 0.362455 1731005843253
-0.40439 0.00537881 2.85928 -0.00805896 -0.00128979 0.343116 1731005843304
-0.404677 0.00604243 2.89521 -0.00888188 0.00131618 0.363302 1731005843403
-0.404811 0.00624008 2.91376 -0.00888188 0.00131618 0.363302 1731005843454
-0.405591 0.0063894 2.94832 -0.0121739 -0.000546273 0.363033 1731005843553
-0.406196 0.00662949 2.98486 -0.0121739 -0.000546273 0.363033 1731005843653
-0.406295 0.00718901 3.01879 -0.00913009 0.00183803 0.360925 1731005843752
-0.406436 0.00742086 3.03727 -0.00913009 0.00183803 0.360925 1731005843804
-0.406707 0.00787226 3.07094 -0.00886931 0.00194419 0.345179 1731005843903
-0.407018 0.00783127 3.08904 -0.0100975 -2.88368e-05 0.360943 1731005843953
-0.407402 0.00811394 3.12497 -0.0100975 -2.88368e-05 0.360943 1731005844052
-0.407598 0.0082605 3.1414 -0.00984413 7.68522e-05 0.345678 1731005844103
-0.408031 0.00862266 3.17677 -0.0104428 0.000334531 0.36207 1731005844201
-0.408241 0.00879246 3.19525 -0.0104428 0.000334531 0.36207 1731005844252
-0.408453 0.00896385 3.21186 -0.0101912 0.000442066 0.346925 1731005844303
-0.409087 0.00907813 3.24807 -0.0114338 -0.000872481 0.36194 1731005844403
-0.409603 0.00930584 3.28227 -0.0112208 -0.000779235 0.349138 1731005844503
-0.409613 0.00948106 3.3186 -0.00882517 -0.000899779 0.359704 1731005844604
-0.409876 0.00968539 3.35275 -0.00864584 -0.000819247 0.348901 1731005844702
-0.410191 0.0100441 3.37128 -0.0101983 0.000600136 0.362412 1731005844754
-0.410569 0.0104129 3.40689 -0.0101983 0.000600136 0.362412 1731005844852
-0.410767 0.0106076 3.42328 -0.00991508 0.000730287 0.345265 1731005844903
-0.411157 0.0113507 3.45907 -0.0104268 0.00242369 0.361954 1731005845002
-0.411358 0.0116401 3.47765 -0.0104268 0.00242369 0.361954 1731005845053
-0.41135 0.0112659 3.51213 -0.0071855 -0.00341021 0.361001 1731005845152
-0.411417 0.0112414 3.53065 -0.0071855 -0.00341021 0.361001 1731005845204
-0.411548 0.011195 3.5643 -0.00692025 -0.00328475 0.344841 1731005845303
-0.411967 0.0117111 3.60055 -0.00893785 -0.000831995 0.363734 1731005845402
-0.412108 0.0118307 3.61915 -0.00893785 -0.000831995 0.363734 1731005845454
-0.412428 0.0120049 3.65369 -0.00917801 -0.00126565 0.363397 1731005845554
-0.412727 0.012198 3.68968 -0.00917801 -0.00126565 0.363397 1731005845653
-0.413025 0.0126693 3.72427 -0.00932634 0.00052115 0.36206 1731005845753
-0.413321 0.0130386 3.76005 -0.00932634 0.00052115 0.36206 1731005845852
-0.413475 0.0132309 3.7758 -0.00897758 0.000689398 0.340792 1731005845903
-0.4144 0.0140618 3.81151 -0.0126544 0.00245159 0.360883 1731005846002
-0.414711 0.014369 3.82992 -0.0126544 0.00245159 0.360883 1731005846053
-0.414612 0.0143768 3.86449 -0.00760091 -0.000866564 0.359039 1731005846152
-0.414688 0.0144875 3.8828 -0.00760091 -0.000866564 0.359039 1731005846203
-0.414834 0.0147052 3.91605 -0.00730081 -0.000720333 0.340744 1731005846303
-0.415364 0.0152926 3.95112 -0.009653 0.000759562 0.35476 1731005846402
-0.415536 0.0155028 3.96953 -0.009653 0.000759562 0.35476 1731005846453
-0.416549 0.015923 4.00237 -0.0140411 0.000405803 0.346729 1731005846553
-0.417305 0.0163373 4.03676 -0.0140411 0.000405803 0.346729 1731005846652
-0.41769 0.0165522 4.0512 -0.0136032 0.000613927 0.321557 1731005846703
-0.418748 0.0169469 4.08445 -0.01549 0.000217827 0.336413 1731005846802
-0.419199 0.0171543 4.10168 -0.01549 0.000217827 0.336413 1731005846853
-0.419434 0.0175784 4.12978 -0.0110653 0.00109926 0.314698 1731005846950
-0.419663 0.0177966 4.14621 -0.0110653 0.00109926 0.314698 1731005847003
-0.420062 0.0182025 4.17088 -0.0100301 0.00149759 0.264603 1731005847102
-0.420546 0.0186287 4.18323 -0.0116019 0.00290641 0.239269 1731005847153
-0.421045 0.0191518 4.20692 -0.0116019 0.00290641 0.239269 1731005847252
-0.421268 0.0194118 4.20895 -0.00960058 0.00345008 0.162921 1731005847304
-0.422472 0.0194609 4.22097 -0.0121936 0.0010908 0.12148 1731005847402
-0.422862 0.0195966 4.22719 -0.0121936 0.0010908 0.12148 1731005847453
-0.424285 0.0188507 4.22923 -0.0131374 -0.00552145 0.0414339 1731005847552
-0.42491 0.0186366 4.23144 -0.0131374 -0.00552145 0.0414339 1731005847605
-0.426057 0.0182305 4.23825 -0.0140338 -0.00559938 0.0616153 1731005847702
-0.425884 0.0175196 4.24385 -0.00706673 -0.00625488 0.0553757 1731005847803
-0.42637 0.0169484 4.25495 -0.00906099 -0.00634469 0.0976123 1731005847902
-0.425633 0.0135435 4.26632 -0.00271373 -0.0198175 0.113474 1731005848002
-0.425559 0.0125288 4.27212 -0.00271373 -0.0198175 0.113474 1731005848053
-0.424598 0.0125006 4.29023 -0.000483414 -0.00697387 0.172947 1731005848152
-0.42427 0.0121327 4.29909 -0.000483414 -0.00697387 0.172947 1731005848204
-0.42366 0.011423 4.3164 -0.00054288 -0.00697185 0.174486 1731005848303
-0.423283 0.0115439 4.32668 -0.0011364 -0.00379129 0.204973 1731005848353
-0.422678 0.0111376 4.34718 -0.0011364 -0.00379129 0.204973 1731005848453
-0.421908 0.0110221 4.36825 -0.00027266 -0.0019466 0.223007 1731005848551
-0.421547 0.010907 4.38009 -0.00027266 -0.0019466 0.223007 1731005848605
-0.420901 0.0107015 4.39999 0.00012154 -0.00199721 0.209919 1731005848702
-0.420865 0.0104811 4.41179 -0.00251928 -0.0024478 0.231166 1731005848753
-0.420412 0.0102097 4.43467 -0.00251928 -0.0024478 0.231166 1731005848852
-0.420177 0.0100743 4.44399 -0.00196698 -0.00252397 0.211913 1731005848903
-0.420492 0.00930148 4.4664 -0.00659414 -0.00441203 0.2263 1731005849002
-0.420395 0.00879934 4.48728 -0.00619661 -0.0044555 0.212469 1731005849102
-0.420168 0.00735647 4.50877 -0.00680914 -0.00927771 0.216759 1731005849202
-0.420064 0.00687308 4.51985 -0.00680914 -0.00927771 0.216759 1731005849253
-0.420237 0.00612522 4.53918 -0.008646 -0.00753998 0.203344 1731005849352
-0.420242 0.00571161 4.54966 -0.008646 -0.00753998 0.203344 1731005849403
-0.42023 0.00492879 4.56703 -0.00798778 -0.00754519 0.182298 1731005849503
-0.419728 0.00422862 4.58517 -0.00578019 -0.00796213 0.183738 1731005849601
-0.419579 0.00386032 4.59458 -0.00578019 -0.00796213 0.183738 1731005849652
-0.418861 0.00357925 4.60974 -0.00167734 -0.00637394 0.165449 1731005849750
-0.418557 0.00337044 4.61816 -0.00167734 -0.00637394 0.165449 1731005849801
-0.418246 0.00316782 4.62663 -0.00167734 -0.00637394 0.165449 1731005849852
-0.417793 0.00342151 4.63967 -0.0003216 -0.00218352 0.145324 1731005849951
-0.41753 0.00344518 4.64712 -0.0003216 -0.00218352 0.145324 1731005850002
-0.417012 0.00350742 4.66001 0.000121628 -0.00214454 0.133001 1731005850103
-0.415812 0.00449363 4.6734 0.00506962 0.00032448 0.13585 1731005850201
-0.415383 0.00477672 4.68031 0.00506962 0.00032448 0.13585 1731005850252
-0.413073 0.00526631 4.69245 0.0136054 -0.00485026 0.128989 1731005850352
-0.412154 0.00555703 4.69902 0.0136054 -0.00485026 0.128989 1731005850403
-0.410392 0.00615385 4.71056 0.0139173 -0.00481153 0.120539 1731005850501
-0.408184 0.00706226 4.71693 0.0228812 -0.0060822 0.125151 1731005850553
-0.405624 0.00812923 4.72923 0.0228812 -0.0060822 0.125151 1731005850652
-0.404304 0.00870852 4.73423 0.0232634 -0.00603062 0.114828 1731005850703
-0.400451 0.0103199 4.7457 0.0300809 -0.00807984 0.118962 1731005850800
-0.398819 0.0110724 4.7517 0.0300809 -0.00807984 0.118962 1731005850851
-0.39718 0.011852 4.75648 0.03044 -0.00803171 0.109351 1731005850903
-0.392644 0.0146418 4.76709 0.0398034 -0.00747826 0.108729 1731005851002
-0.390688 0.0158038 4.77257 0.0398034 -0.00747826 0.108729 1731005851053
-0.38592 0.0187034 4.78171 0.0475698 -0.00877449 0.0966031 1731005851153
-0.381537 0.0215285 4.79121 0.0475698 -0.00877449 0.0966031 1731005851253
-0.375576 0.0276896 4.79975 0.0702763 -0.000623478 0.091131 1731005851352
-0.372857 0.0303138 4.80427 0.0702763 -0.000623478 0.091131 1731005851403
-0.367681 0.0354668 4.81265 0.0703779 -0.000615725 0.0885956 1731005851502
-0.359498 0.0417892 4.821 0.0842829 -0.0078797 0.0865685 1731005851603
-0.35308 0.0476847 4.82976 0.084111 -0.0078891 0.0907067 1731005851701
-0.349107 0.0501316 4.83399 0.0842104 -0.0141775 0.0864327 1731005851753
-0.342401 0.0558387 4.84218 0.0842104 -0.0141775 0.0864327 1731005851852
-0.334825 0.0638539 4.85033 0.0991321 -0.0100119 0.0835486 1731005851951
-0.331156 0.0676553 4.85438 0.0991321 -0.0100119 0.0835486 1731005852002
-0.32415 0.0751206 4.86147 0.0993829 -0.0100074 0.0780242 1731005852101
-0.319263 0.0812042 4.86508 0.115791 -0.00812952 0.0755254 1731005852153
-0.311671 0.0902266 4.872 0.115791 -0.00812952 0.0755254 1731005852251
-0.307795 0.0949462 4.87453 0.116155 -0.00813439 0.0676616 1731005852302
-0.300396 0.106004 4.88057 0.123747 -0.00291865 0.0669728 1731005852401
-0.29664 0.111285 4.88369 0.123747 -0.00291865 0.0669728 1731005852452
-0.289189 0.122984 4.88896 0.132649 0.000504926 0.0641021 1731005852551
-0.285452 0.128835 4.89192 0.132649 0.000504926 0.0641021 1731005852603
-0.278373 0.140199 4.89684 0.132929 0.000483433 0.0581455 1731005852701
-0.273296 0.146826 4.89974 0.141631 -0.00519164 0.0634691 1731005852752
-0.265405 0.159003 4.90542 0.141631 -0.00519164 0.0634691 1731005852853
-0.256724 0.172223 4.91049 0.151385 -0.00756602 0.0623167 1731005852952
-0.248596 0.185167 4.91592 0.151385 -0.00756602 0.0623167 1731005853051
-0.244437 0.191937 4.91862 0.15143 -0.00756834 0.0613968 1731005853102
-0.235298 0.206748 4.92382 0.161843 -0.00900952 0.0606547 1731005853201
-0.230986 0.213981 4.92649 0.161843 -0.00900952 0.0606547 1731005853252
-0.222325 0.229224 4.93154 0.169336 -0.00801187 0.054691 1731005853352
-0.213887 0.244349 4.93613 0.169336 -0.00801187 0.054691 1731005853453
-0.205441 0.260656 4.9414 0.177101 -0.00599113 0.0528005 1731005853552
-0.201274 0.268736 4.94356 0.177101 -0.00599113 0.0528005 1731005853603
-0.193252 0.284615 4.94846 0.176806 -0.00600545 0.0579498 1731005853702
-0.189016 0.294097 4.95039 0.185216 -0.00349979 0.0489724 1731005853753
-0.181134 0.310949 4.95413 0.185216 -0.00349979 0.0489724 1731005853852
-0.172656 0.329666 4.95882 0.198167 -0.00337386 0.0476919 1731005853951
-0.16836 0.339324 4.96067 0.198167 -0.00337386 0.0476919 1731005854003
-0.160434 0.357487 4.96502 0.197726 -0.00341185 0.0545724 1731005854102
-0.151963 0.37806 4.96816 0.210001 -0.0021458 0.0455534 1731005854201
-0.147838 0.388102 4.96977 0.210001 -0.0021458 0.0455534 1731005854252
-0.13867 0.409442 4.97369 0.224324 -0.00559618 0.0433075 1731005854351
-0.134254 0.42012 4.9751 0.224324 -0.00559618 0.0433075 1731005854402
-0.125795 0.440935 4.97838 0.224036 -0.00562689 0.0474187 1731005854501
-0.121 0.453326 4.97963 0.235604 -0.00484665 0.0412733 1731005854552
-0.112369 0.475572 4.98206 0.235604 -0.00484665 0.0412733 1731005854653
-0.103804 0.499225 4.98508 0.247193 -0.00252533 0.0404343 1731005854751
-0.0994742 0.511198 4.9862 0.247193 -0.00252533 0.0404343 1731005854802
-0.0912093 0.534457 4.98918 0.246726 -0.00257614 0.0466485 1731005854901
-0.0862585 0.548646 4.99024 0.262233 -0.00254888 0.0408924 1731005854952
-0.0777746 0.573385 4.99228 0.262233 -0.00254888 0.0408924 1731005855051
-0.0734466 0.586223 4.99423 0.261707 -0.00260416 0.0476815 1731005855102
-0.0638476 0.613082 4.99633 0.272774 -0.00590794 0.0425247 1731005855201
-0.0593237 0.626441 4.99739 0.272774 -0.00590794 0.0425247 1731005855253
-0.0504963 0.653974 5.0002 0.283638 -0.00402967 0.0446754 1731005855352
-0.0417601 0.681534 5.00237 0.283638 -0.00402967 0.0446754 1731005855453
-0.0334583 0.7097 5.00454 0.29262 -0.00148343 0.0405321 1731005855550
-0.0292177 0.72411 5.00536 0.29262 -0.00148343 0.0405321 1731005855601
-0.0250066 0.738602 5.00617 0.29262 -0.00148343 0.0405321 1731005855653
-0.0158884 0.768353 5.00877 0.306447 -0.00550933 0.0430912 1731005855751
-0.0114533 0.783459 5.00963 0.306447 -0.00550933 0.0430912 1731005855802
-0.00296697 0.812899 5.01169 0.306178 -0.0055333 0.0462187 1731005855901
0.00153871 0.829177 5.01246 0.313718 -0.00494601 0.0423348 1731005855952
0.00986119 0.859368 5.01392 0.313718 -0.00494601 0.0423348 1731005856051
0.01414 0.875175 5.01518 0.313384 -0.00497562 0.0461218 1731005856103
0.0221148 0.907792 5.01637 0.325785 -0.00174622 0.0412397 1731005856201
0.0261918 0.924109 5.01697 0.325785 -0.00174622 0.0412397 1731005856253
0.0343647 0.956229 5.01896 0.330429 -0.00370167 0.0421126 1731005856351
0.0384438 0.97278 5.01956 0.330429 -0.00370167 0.0421126 1731005856403
0.0462096 1.0049 5.02125 0.330054 -0.0037355 0.0461718 1731005856502
0.0541054 1.03806 5.02221 0.336506 -0.00413527 0.0411735 1731005856601
0.0580057 1.05485 5.02269 0.336506 -0.00413527 0.0411735 1731005856651
0.0618822 1.07176 5.02396 0.335943 -0.00418721 0.047143 1731005856703
0.069363 1.10464 5.0247 0.33803 -0.00459255 0.0397586 1731005856801
0.0731397 1.12168 5.02507 0.33803 -0.00459255 0.0397586 1731005856853
0.0804455 1.1551 5.02682 0.345304 -0.00497576 0.0431883 1731005856950
0.0842028 1.17268 5.02732 0.345304 -0.00497576 0.0431883 1731005857001
0.0878753 1.19009 5.02782 0.345304 -0.00497576 0.0431883 1731005857053
0.0944879 1.22406 5.02899 0.344886 -0.00236567 0.0432062 1731005857152
0.101007 1.25778 5.02993 0.344886 -0.00236567 0.0432062 1731005857251
0.104332 1.27535 5.0302 0.345041 -0.00235095 0.0416214 1731005857303
0.110477 1.30988 5.03096 0.348588 -0.00117049 0.0419893 1731005857401
0.116516 1.34418 5.03131 0.348904 -0.00114053 0.038776 1731005857501
0.119812 1.36186 5.03152 0.349763 -0.00279976 0.0384756 1731005857552
0.122851 1.3793 5.03173 0.349763 -0.00279976 0.0384756 1731005857602
0.128741 1.41388 5.03192 0.349933 -0.00278345 0.0367397 1731005857702
0.134327 1.44872 5.03245 0.350961 -0.00200449 0.0397668 1731005857801
0.137155 1.46651 5.03273 0.350961 -0.00200449 0.0397668 1731005857852
0.143071 1.50159 5.03272 0.352948 -0.00507118 0.0392219 1731005857952
0.148592 1.53631 5.03321 0.352948 -0.00507118 0.0392219 1731005858051
0.151392 1.55433 5.03302 0.353271 -0.00503869 0.0358925 1731005858102
0.156286 1.58945 5.03344 0.35508 -0.00296617 0.0385381 1731005858201
0.158851 1.60751 5.03366 0.35508 -0.00296617 0.0385381 1731005858252
0.161211 1.62441 5.03346 0.355385 -0.00293503 0.03538 1731005858303
0.165988 1.65978 5.03405 0.354866 -0.00278412 0.0400189 1731005858400
0.168377 1.67788 5.03436 0.354866 -0.00278412 0.0400189 1731005858451
0.170733 1.69603 5.0338 0.355501 -0.00271859 0.0333849 1731005858502
0.174869 1.73146 5.03407 0.356588 -0.00108 0.0367643 1731005858601
0.177018 1.74964 5.03422 0.356588 -0.00108 0.0367643 1731005858652
0.180863 1.78511 5.03425 0.357763 0.000375948 0.0388258 1731005858751
0.18463 1.82056 5.03474 0.357763 0.000375948 0.0388258 1731005858850
0.186519 1.8389 5.03413 0.358372 0.00043991 0.0323862 1731005858902
0.190309 1.87454 5.03454 0.359154 -0.000776146 0.0381908 1731005859001
0.192116 1.89265 5.03476 0.359154 -0.000776146 0.0381908 1731005859051
0.193923 1.91114 5.03423 0.359688 -0.000719105 0.0325397 1731005859102
0.197915 1.9472 5.0342 0.362647 -0.00364193 0.0338926 1731005859201
0.199756 1.9657 5.03419 0.362647 -0.00364193 0.0338926 1731005859252
0.203231 2.00095 5.03441 0.362194 -0.00414931 0.0348596 1731005859350
0.2051 2.02066 5.03445 0.362194 -0.00414931 0.0348596 1731005859404
0.206819 2.0392 5.03448 0.362194 -0.00414931 0.0348596 1731005859455
0.209228 2.07542 5.03506 0.363239 0.00119049 0.0383176 1731005859554
0.210575 2.09412 5.03527 0.363239 0.00119049 0.0383176 1731005859606
0.213064 2.13011 5.03558 0.363302 0.00119751 0.0376526 1731005859704
0.215461 2.16754 5.03605 0.366915 0.00147208 0.0393498 1731005859805
0.21767 2.20371 5.03619 0.367149 0.00149811 0.0368707 1731005859903
0.219147 2.22198 5.03641 0.363918 -0.00122706 0.0385794 1731005859954
0.220341 2.24068 5.03663 0.363918 -0.00122706 0.0385794 1731005860005
0.222516 2.27624 5.03658 0.364249 -0.00119017 0.0350749 1731005860103
0.223721 2.29515 5.0366 0.365087 -0.00183023 0.034864 1731005860154
0.224819 2.31393 5.03662 0.365087 -0.00183023 0.034864 1731005860205
0.226839 2.35014 5.03655 0.365165 -0.00182138 0.0340328 1731005860304
0.228213 2.36903 5.0364 0.366649 -0.00418603 0.0318226 1731005860355
0.230297 2.40554 5.03613 0.366649 -0.00418603 0.0318226 1731005860455
0.231838 2.44271 5.03637 0.368403 -0.00127226 0.0353749 1731005860555
0.233387 2.4793 5.03642 0.368403 -0.00127226 0.0353749 1731005860654
0.234142 2.49823 5.03626 0.368539 -0.00125699 0.0339435 1731005860705
0.234952 2.51753 5.03627 0.367792 -0.0017221 0.03506 1731005860758
0.236263 2.55274 5.03631 0.367792 -0.0017221 0.03506 1731005860853
0.236923 2.57165 5.03634 0.367781 -0.00172325 0.0351688 1731005860904
0.236851 2.59113 5.03645 0.370808 0.00296873 0.0372148 1731005860956
0.237536 2.628 5.03667 0.370808 0.00296873 0.0372148 1731005861054
0.238546 2.66503 5.03653 0.371643 0.000211843 0.0358082 1731005861154
0.238968 2.6849 5.03657 0.371643 0.000211843 0.0358082 1731005861207
0.239654 2.72064 5.03655 0.371698 0.00021803 0.0352255 1731005861303
0.239605 2.73939 5.03651 0.369532 0.00261947 0.0341011 1731005861354
0.239786 2.75843 5.03646 0.369532 0.00261947 0.0341011 1731005861405
0.24007 2.79592 5.03662 0.369352 0.00259879 0.0359982 1731005861506
0.240208 2.83262 5.03663 0.368958 0.00285681 0.0353307 1731005861605
0.240285 2.86945 5.03672 0.368897 0.00284964 0.035968 1731005861705
0.240868 2.88928 5.03664 0.375257 -0.000865891 0.0343598 1731005861756
0.241193 2.92652 5.03647 0.375257 -0.000865891 0.0343598 1731005861854
0.241268 2.96387 5.0367 0.373644 0.000236759 0.0341767 1731005861954
0.241307 2.98325 5.03659 0.373644 0.000236759 0.0341767 1731005862006
0.241325 3.02027 5.03691 0.373265 0.000190758 0.0380791 1731005862104
0.241344 3.05737 5.03696 0.373241 -0.000155451 0.0368835 1731005862203
0.241255 3.09484 5.03703 0.373217 -0.000158401 0.0371329 1731005862303
0.241007 3.11411 5.03708 0.374455 0.00100259 0.0376993 1731005862354
0.240858 3.13337 5.03713 0.374455 0.00100259 0.0376993 1731005862405
0.240522 3.17068 5.03687 0.374711 0.00103306 0.0350915 1731005862505
0.240404 3.18948 5.03677 0.372628 0.000548568 0.0345217 1731005862555
0.240036 3.22577 5.03656 0.372628 0.000548568 0.0345217 1731005862652
0.23982 3.24489 5.03639 0.372672 0.000553724 0.0340723 1731005862703
0.239423 3.26426 5.03613 0.372972 0.00166167 0.0316568 1731005862755
0.238827 3.30129 5.03563 0.372972 0.00166167 0.0316568 1731005862854
0.238493 3.32081 5.03568 0.372738 0.00163496 0.0340307 1731005862906
0.237623 3.35671 5.03547 0.372792 0.00272949 0.0344828 1731005863002
0.237199 3.3759 5.03536 0.372792 0.00272949 0.0344828 1731005863053
0.236761 3.3952 5.03514 0.372877 0.00273908 0.0336188 1731005863105
0.235944 3.43269 5.03505 0.374118 0.00238033 0.0358256 1731005863204
0.235054 3.46989 5.03476 0.374277 0.00239826 0.0342055 1731005863303
0.23445 3.4889 5.03482 0.373817 0.00324363 0.0376268 1731005863354
0.233918 3.50808 5.03488 0.373817 0.00324363 0.0376268 1731005863405
0.232856 3.54522 5.03446 0.374214 0.00328918 0.0335445 1731005863504
0.232861 3.56475 5.03433 0.376206 -0.000459047 0.0338058 1731005863555
0.2321 3.60225 5.03408 0.376206 -0.000459047 0.0338058 1731005863654
0.23065 3.63931 5.03391 0.374651 0.00383792 0.0341386 1731005863753
0.230003 3.65858 5.0338 0.374651 0.00383792 0.0341386 1731005863805
0.228722 3.69591 5.0335 0.374734 0.00384782 0.0332827 1731005863904
0.228699 3.71508 5.03342 0.374254 -0.000372884 0.0344148 1731005863955
0.227794 3.75193 5.03328 0.374254 -0.000372884 0.0344148 1731005864053
0.227301 3.77148 5.03309 0.374336 -0.000362889 0.0335638 1731005864105
0.225307 3.80914 5.03295 0.373554 0.00465029 0.0344116 1731005864206
0.223818 3.84621 5.03271 0.373628 0.00465943 0.0336421 1731005864305
0.222973 3.88311 5.03283 0.371825 0.00128189 0.0367245 1731005864404
0.222353 3.90211 5.03289 0.371825 0.00128189 0.0367245 1731005864455
0.220965 3.93898 5.0324 0.371417 0.00237716 0.0351388 1731005864554
0.220262 3.9582 5.03239 0.371417 0.00237716 0.0351388 1731005864605
0.218894 3.99506 5.03207 0.371619 0.00240236 0.0330263 1731005864704
0.217913 4.01397 5.03185 0.371007 0.00416574 0.031275 1731005864755
0.216375 4.04995 5.03145 0.371007 0.00416574 0.031275 1731005864852
0.215544 4.06917 5.03158 0.370756 0.00413436 0.0339046 1731005864903
0.21481 4.08855 5.03145 0.373299 0.00345879 0.033228 1731005864955
0.213254 4.12558 5.0312 0.373299 0.00345879 0.033228 1731005865053
0.21244 4.14475 5.03117 0.373231 0.00345031 0.0339375 1731005865105
0.210644 4.1822 5.03121 0.373959 0.00438819 0.0361994 1731005865204
0.208937 4.21943 5.03087 0.374231 0.00442225 0.0333506 1731005865303
0.20802 4.23841 5.03081 0.37324 0.00465557 0.0346672 1731005865354
0.20627 4.27547 5.03071 0.37324 0.00465557 0.0346672 1731005865453
0.205342 4.29497 5.03057 0.373297 0.00466264 0.0340758 1731005865505
0.204248 4.33198 5.03041 0.373322 0.00127792 0.0340374 1731005865604
0.202789 4.36909 5.03013 0.373411 0.00128915 0.0330986 1731005865703
0.202182 4.38846 5.02994 0.372283 0.000240854 0.0320699 1731005865755
0.200824 4.42504 5.0296 0.372283 0.000240854 0.0320699 1731005865853
0.200106 4.44422 5.02963 0.372134 0.000222266 0.0336233 1731005865905
0.198695 4.48138 5.02965 0.373625 0.000248469 0.0358644 1731005866003
0.197963 4.50057 5.02966 0.373625 0.000248469 0.0358644 1731005866054
0.196309 4.53756 5.02902 0.373922 0.00184705 0.0314604 1731005866153
0.194692 4.57528 5.0286 0.373922 0.00184705 0.0314604 1731005866254
0.193859 4.59459 5.02886 0.373581 0.00180494 0.0350289 1731005866305
0.192416 4.63172 5.02879 0.372944 0.000974595 0.0347748 1731005866405
0.190858 4.6693 5.02862 0.373005 0.000982075 0.0341324 1731005866505
0.188565 4.70557 5.0284 0.37292 0.0049139 0.0333079 1731005866602
0.187563 4.72463 5.02829 0.37292 0.0049139 0.0333079 1731005866653
0.186555 4.74377 5.0284 0.372756 0.004894 0.035034 1731005866704
0.184378 4.78116 5.02826 0.37428 0.00590434 0.0343939 1731005866804
0.183304 4.80042 5.02819 0.37428 0.00590434 0.0343939 1731005866855
0.181863 4.83642 5.02795 0.372125 0.0020624 0.03141 1731005866952
0.180989 4.85543 5.02774 0.372125 0.0020624 0.03141 1731005867003
0.1801 4.87472 5.02753 0.372125 0.0020624 0.03141 1731005867054
0.178382 4.91214 5.02769 0.373999 0.00196542 0.0329277 1731005867154
0.176658 4.94938 5.02741 0.373999 0.00196542 0.0329277 1731005867253
0.175756 4.96881 5.02758 0.373767 0.00193674 0.0353443 1731005867305
0.174083 5.00608 5.02759 0.374914 0.00161263 0.0359906 1731005867404
0.1732 5.0253 5.0276 0.374914 0.00161263 0.0359906 1731005867455
0.171326 5.06238 5.02744 0.374418 0.00270338 0.0357385 1731005867554
0.170382 5.08159 5.02743 0.374418 0.00270338 0.0357385 1731005867605
0.168581 5.11814 5.02721 0.374574 0.00272334 0.0341072 1731005867702
0.167571 5.13672 5.02715 0.37093 0.00328178 0.0344203 1731005867753
0.166599 5.15575 5.0271 0.37093 0.00328178 0.0344203 1731005867804
0.164695 5.19288 5.02671 0.371129 0.00330732 0.0323445 1731005867904
0.163346 5.21217 5.02661 0.373636 0.005634 0.0338351 1731005867955
0.161204 5.2493 5.02642 0.373636 0.005634 0.0338351 1731005868054
0.159681 5.28676 5.02584 0.376549 0.00149174 0.031466 1731005868153
0.158767 5.3063 5.0256 0.376549 0.00149174 0.031466 1731005868204
0.157023 5.34353 5.0253 0.376442 0.00147803 0.0325837 1731005868303
0.155024 5.38107 5.0251 0.372698 0.00260945 0.0337871 1731005868405
0.153173 5.41805 5.02471 0.372839 0.00262753 0.032309 1731005868503
0.152308 5.4369 5.02456 0.371666 0.0020965 0.0325843 1731005868554
0.150537 5.47325 5.02427 0.371666 0.0020965 0.0325843 1731005868652
0.149621 5.49203 5.02431 0.371531 0.00207935 0.0339945 1731005868702
0.149017 5.5115 5.02426 0.372795 -0.000168822 0.0347468 1731005868754
0.147433 5.54853 5.02418 0.372795 -0.000168822 0.0347468 1731005868853
0.146612 5.56774 5.02404 0.372866 -0.000159958 0.034011 1731005868904
0.14448 5.60501 5.02393 0.374743 0.00249412 0.0347277 1731005869003
0.143521 5.62421 5.02388 0.374743 0.00249412 0.0347277 1731005869054
0.14176 5.66103 5.02377 0.375017 0.00195283 0.0353593 1731005869152
0.140825 5.68027 5.02375 0.375017 0.00195283 0.0353593 1731005869203
0.139891 5.69947 5.02373 0.375017 0.00195283 0.0353593 1731005869254
0.137408 5.73699 5.02338 0.377365 0.00627768 0.0336546 1731005869353
0.136247 5.75631 5.02326 0.377365 0.00627768 0.0336546 1731005869404
0.133996 5.79373 5.02311 0.377296 0.00626919 0.0343792 1731005869503
0.133436 5.81288 5.0229 0.376411 0.00243602 0.0318741 1731005869554
0.131571 5.85018 5.02249 0.376411 0.00243602 0.0318741 1731005869653
0.130604 5.86952 5.02269 0.376115 0.0023996 0.0349683 1731005869704
0.12848 5.90661 5.02245 0.373757 0.0037369 0.0333534 1731005869804
0.126482 5.94395 5.02242 0.373598 0.00371698 0.0350175 1731005869903
0.12563 5.96369 5.02235 0.377528 0.00242026 0.0347768 1731005869955
0.123757 6.00118 5.02221 0.377528 0.00242026 0.0347768 1731005870054
0.122146 6.0391 5.02226 0.377484 0.000572787 0.0368536 1731005870154
0.120458 6.07657 5.02233 0.377484 0.000572787 0.0368536 1731005870252
0.119585 6.09597 5.022 0.377744 0.000606447 0.0341395 1731005870304
0.117413 6.13286 5.02191 0.374973 0.00312708 0.0350149 1731005870403
0.116415 6.15216 5.02186 0.374973 0.00312708 0.0350149 1731005870454
0.11413 6.18948 5.02147 0.373199 0.00544723 0.0336684 1731005870554
0.111991 6.22646 5.02126 0.373199 0.00544723 0.0336684 1731005870653
0.110876 6.24575 5.021 0.373304 0.00546095 0.0325713 1731005870704
0.10933 6.28331 5.02055 0.374014 0.00243049 0.0312811 1731005870804
0.107482 6.32068 5.02039 0.373804 0.00240321 0.0334759 1731005870904
0.105874 6.35807 5.02006 0.375345 0.00124693 0.0325329 1731005871003
0.104988 6.37729 5.01989 0.375345 0.00124693 0.0325329 1731005871054
0.10312 6.41457 5.01974 0.376299 0.00227409 0.031734 1731005871153
0.102182 6.43391 5.01952 0.376299 0.00227409 0.031734 1731005871204
0.10126 6.45292 5.0193 0.376299 0.00227409 0.031734 1731005871254
0.0994893 6.49045 5.01962 0.375833 0.00195178 0.0343089 1731005871354
0.0977212 6.52771 5.01946 0.375833 0.00195178 0.0343089 1731005871453
0.0968073 6.54702 5.01969 0.375616 0.00192403 0.0365805 1731005871504
0.0947666 6.58417 5.01983 0.374209 0.00331977 0.0372001 1731005871603
0.0937892 6.60337 5.01991 0.374209 0.00331977 0.0372001 1731005871654
0.0919925 6.64052 5.01975 0.373801 0.00275079 0.0340922 1731005871754
0.0901627 6.67776 5.0196 0.373801 0.00275079 0.0340922 1731005871853
0.0892199 6.69698 5.01981 0.37359 0.00272431 0.0363029 1731005871904
0.0871484 6.73481 5.01951 0.375421 0.00385099 0.0327606 1731005872004
0.0852168 6.77213 5.01963 0.375109 0.00381196 0.0360306 1731005872104
0.0841474 6.79141 5.01945 0.376357 0.00434408 0.03236 1731005872154
0.0821744 6.82873 5.01908 0.376357 0.00434408 0.03236 1731005872253
0.0805026 6.86579 5.01922 0.37492 0.00244613 0.0348348 1731005872352
0.0795839 6.88505 5.01916 0.37492 0.00244613 0.0348348 1731005872403
0.0786687 6.90428 5.01911 0.37492 0.00244613 0.0348348 1731005872454
0.0769855 6.94151 5.01891 0.37573 0.00191671 0.0342271 1731005872553
0.0761164 6.96045 5.01882 0.37573 0.00191671 0.0342271 1731005872603
0.0743905 6.99819 5.01872 0.375674 0.00190967 0.0348071 1731005872703
0.0734702 7.01709 5.01876 0.37358 0.00225511 0.0367538 1731005872754
0.0717411 7.0543 5.01886 0.37358 0.00225511 0.0367538 1731005872854
0.0699316 7.09162 5.01821 0.375178 0.00285842 0.03287 1731005872953
0.0690133 7.11092 5.01806 0.375178 0.00285842 0.03287 1731005873004
0.0672482 7.14812 5.01782 0.375136 0.00285296 0.0333144 1731005873103
0.0666854 7.16739 5.01759 0.375457 0.000619515 0.0315446 1731005873154
0.0651563 7.20457 5.01716 0.375457 0.000619515 0.0315446 1731005873253
0.0643664 7.22386 5.0172 0.375271 0.000595679 0.0334898 1731005873304
0.0620773 7.2611 5.01691 0.373683 0.00441 0.0327833 1731005873404
0.0601766 7.2986 5.01684 0.373523 0.00438949 0.0344564 1731005873504
0.0588796 7.3359 5.01686 0.374692 0.00147023 0.0360242 1731005873603
0.058033 7.35582 5.01688 0.374692 0.00147023 0.0360242 1731005873656
0.0561855 7.39186 5.01662 0.376158 0.0036596 0.034792 1731005873751
0.0552623 7.41115 5.01657 0.376158 0.0036596 0.034792 1731005873802
0.0543374 7.43052 5.01652 0.376158 0.0036596 0.034792 1731005873854
0.052619 7.46805 5.01658 0.377391 0.00321307 0.0366052 1731005873952
0.051722 7.48745 5.01661 0.377391 0.00321307 0.0366052 1731005874004
0.0498421 7.52825 5.01635 0.377621 0.00324246 0.034184 1731005874111
0.047601 7.56317 5.01614 0.377762 0.00651447 0.0337702 1731005874204
0.0455701 7.6006 5.01597 0.377724 0.0065097 0.0341626 1731005874302
0.0451801 7.61971 5.0158 0.375852 0.00208462 0.0323566 1731005874354
0.0435868 7.65745 5.01545 0.375852 0.00208462 0.0323566 1731005874454
0.0423453 7.69465 5.01543 0.37516 -2.01161e-05 0.0336589 1731005874553
0.0416469 7.71392 5.01532 0.37516 -2.01161e-05 0.0336589 1731005874604
0.040307 7.75108 5.01523 0.375078 -3.06088e-05 0.0345174 1731005874702
0.038809 7.77065 5.01524 0.376858 0.00510157 0.0362989 1731005874754
0.0369831 7.80769 5.01527 0.376858 0.00510157 0.0362989 1731005874852
0.036034 7.82703 5.01505 0.377026 0.0051231 0.0345355 1731005874903
0.0355453 7.84648 5.015 0.377888 0.00210522 0.0349547 1731005874954
0.0340151 7.88401 5.01489 0.377888 0.00210522 0.0349547 1731005875053
0.0324771 7.92177 5.01471 0.376948 0.0021602 0.0343742 1731005875153
0.0316957 7.94108 5.01463 0.376948 0.0021602 0.0343742 1731005875204
0.0301882 7.97852 5.01443 0.376983 0.00216466 0.0340054 1731005875303
