-0.403074 0.00374022 2.6335
-0.404986 0.00383831 2.68681
-0.404381 0.00387522 2.66947
-0.404334 0.00396006 2.6681
-0.403705 0.00387484 2.65134
-0.404803 0.00412809 2.68671
-0.403649 0.00388843 2.65061
-0.404251 0.00403793 2.6688
-0.404233 0.00407609 2.66858
-0.40481 0.00433993 2.68755
-0.40364 0.00399252 2.65049
-0.404878 0.0044207 2.68686
-0.403664 0.00397862 2.65072
-0.404363 0.00427615 2.66964
-0.404916 0.0045988 2.68608
-0.404301 0.00426248 2.66966
-0.403657 0.00399786 2.65066
-0.404237 0.00417872 2.66806
-0.404896 0.00455751 2.6856
-0.403578 0.00404562 2.65003
-0.404221 0.00452419 2.68477
-0.403515 0.00418522 2.66013
-0.402725 0.00399194 2.65722
-0.401778 0.00356715 2.645
-0.399511 0.0035966 2.66758
-0.398345 0.00353822 2.67494
-0.398445 0.00296158 2.67626
-0.399696 0.00266141 2.67242
-0.400833 0.00216677 2.67147
-0.401803 0.00173553 2.66865
-0.402194 0.00150091 2.66917
-0.402248 0.00165524 2.66785
-0.401402 0.000943976 2.68491
-0.402117 0.00307213 2.64976
-0.401104 0.00269995 2.66741
-0.400694 0.00290526 2.66714
-0.400269 0.00297974 2.66729
-0.399896 0.00290587 2.66859
-0.399797 0.00300604 2.66785
-0.399535 0.00320385 2.66875
-0.399457 0.00338208 2.66794
-0.399268 0.00346734 2.66834
-0.398422 0.0032034 2.66818
-0.395935 0.00288576 2.68613
-0.40082 0.00323956 2.64988
-0.39836 0.00260914 2.66908
-0.397508 0.00286564 2.6677
-0.397337 0.00272375 2.66874
-0.397663 0.00226036 2.66879
-0.397741 0.00166071 2.66787
-0.397471 0.00130137 2.6699
-0.397467 0.00171657 2.668
-0.396875 0.00216507 2.66909
-0.396439 0.00266497 2.66856
-0.391604 0.00249834 2.68644
-0.394785 0.0030799 2.66867
-0.397868 0.00337708 2.65064
-0.393384 0.00322457 2.66926
-0.393152 0.00341747 2.66782
-0.392017 0.00358221 2.67002
-0.392123 0.00365059 2.66816
-0.391288 0.00351813 2.66965
-0.390783 0.00345575 2.67002
-0.383995 0.00344799 2.68666
-0.395514 0.0035582 2.65172
-0.382641 0.00300935 2.687
-0.389315 0.0034419 2.66992
-0.389583 0.00346355 2.66852
-0.388907 0.00335855 2.6699
-0.388734 0.00348482 2.66968
-0.394823 0.00363986 2.65107
-0.388354 0.00360981 2.66956
-0.38845 0.00364769 2.66887
-0.379804 0.00338796 2.68757
-0.394769 0.00357646 2.6506
-0.3795 0.00339708 2.68871
-0.388185 0.00360916 2.67004
-0.394831 0.00375752 2.65098
-0.388728 0.00371168 2.66905
-0.388501 0.0036763 2.66989
-0.389101 0.00360745 2.66874
-0.380507 0.00344533 2.68849
-0.389228 0.00367507 2.6688
-0.394516 0.00381081 2.65304
-0.389172 0.00391156 2.66893
-0.380948 0.00362149 2.68776
-0.394894 0.00366736 2.65159
-0.389198 0.00371876 2.66857
-0.388675 0.00380997 2.67006
-0.380706 0.00399653 2.68838
-0.395254 0.00375854 2.65032
-0.388737 0.00374262 2.67003
-0.381319 0.00346385 2.68703
-0.395053 0.00370079 2.65103
-0.380344 0.0036001 2.68878
-0.394931 0.00372949 2.65094
-0.388661 0.00386115 2.66919
-0.388572 0.00388749 2.66917
-0.388194 0.00386193 2.66977
-0.388406 0.00377501 2.66908
-0.387997 0.00372155 2.6702
-0.379672 0.00358357 2.68873
-0.395039 0.00366301 2.65009
-0.388368 0.00360112 2.66979
-0.388327 0.00362655 2.66996
-0.388934 0.00377352 2.66878
-0.38011 0.00371842 2.68893
-0.388852 0.00387138 2.6693
-0.389105 0.00378092 2.66874
-0.388604 0.0037711 2.66995
-0.395213 0.00376373 2.65025
-0.388572 0.0037444 2.6702
-0.389018 0.00375015 2.66898
-0.388587 0.00375478 2.67001
-0.388999 0.0037308 2.66893
-0.380175 0.00373471 2.68902
-0.395014 0.00380194 2.65101
-0.388926 0.00386467 2.66924
-0.389073 0.0037776 2.66899
-0.388726 0.00373476 2.66981
-0.388605 0.00366663 2.6701
-0.388909 0.00360261 2.66924
-0.38055 0.00365171 2.68835
-0.394976 0.00377352 2.65106
-0.388848 0.00383847 2.66926
-0.380797 0.00387451 2.68752
-0.394973 0.00377691 2.65105
-0.380784 0.00375969 2.6877
-0.3887 0.00381017 2.66981
-0.395111 0.00378319 2.65059
-0.388642 0.00380618 2.66995
-0.38064 0.00388545 2.68805
-0.389051 0.00375689 2.6689
-0.388686 0.00368943 2.6698
-0.388646 0.00362084 2.66993
-0.395132 0.00371748 2.65051
-0.388569 0.00374363 2.66999
-0.380587 0.00382652 2.68797
-0.389075 0.00389873 2.6686
-0.394852 0.00381147 2.65147
-0.380432 0.00379069 2.68846
-0.394953 0.00376774 2.65119
-0.381017 0.00384984 2.68737
-0.388501 0.00381227 2.67041
-0.389037 0.00379146 2.66895
-0.388613 0.00372633 2.66994
-0.39523 0.00372922 2.65021
-0.388619 0.0037163 2.66992
-0.388621 0.00368911 2.66998
-0.389218 0.00375079 2.66829
-0.388405 0.00379459 2.67039
-0.380796 0.00382836 2.68748
-0.388641 0.00377718 2.66997
-0.388796 0.00381881 2.66968
-0.39481 0.00375914 2.65179
-0.389183 0.0037584 2.66864
-0.379391 0.00373817 2.69073
-0.390138 0.00373546 2.66607
-0.394877 0.00371925 2.65158
-0.389165 0.00379508 2.66876
-0.388776 0.00383767 2.6697
-0.388689 0.00376208 2.66983
-0.380766 0.00377949 2.68791
