-0.402774 0.00401663 2.63354 1731005842902
-0.403837 0.00570171 2.72412 1731005843102
-0.404231 0.00753077 2.79754 1731005843304
-0.404997 0.00928621 2.86957 1731005843502
-0.405404 0.0108006 2.92451 1731005843701
-0.406185 0.0131193 3.01485 1731005843903
-0.40667 0.0145143 3.06907 1731005844103
-0.407568 0.0161288 3.14155 1731005844304
-0.408181 0.0177458 3.2135 1731005844503
-0.409033 0.0197994 3.30451 1731005844702
-0.409566 0.0213909 3.35857 1731005844903
-0.410081 0.0231526 3.44897 1731005845101
-0.410396 0.0241967 3.50343 1731005845303
-0.410856 0.0254402 3.57704 1731005845502
-0.411488 0.0273774 3.66703 1731005845701
-0.412481 0.0291842 3.74034 1731005845903
-0.41284 0.0303532 3.7943 1731005846101
-0.413312 0.031968 3.86545 1731005846303
-0.41425 0.0340192 3.95393 1731005846502
-0.415687 0.0347497 4.00579 1731005846703
-0.415909 0.0362366 4.08867 1731005846903
-0.417337 0.0366638 4.147 1731005847102
-0.412261 0.034275 4.18782 1731005847304
-0.421753 0.0343734 4.20283 1731005847501
-0.414981 0.0215865 4.21526 1731005847703
-0.433331 0.00386718 4.23233 1731005847902
-0.435439 -0.0264389 4.25978 1731005848101
-0.436832 -0.0542437 4.29427 1731005848303
-0.440452 -0.0872877 4.33548 1731005848500
-0.43391 -0.113754 4.37965 1731005848702
-0.431387 -0.145601 4.42535 1731005848903
-0.434107 -0.177347 4.47035 1731005849102
-0.424148 -0.214849 4.52445 1731005849301
-0.438904 -0.246007 4.55389 1731005849503
-0.426876 -0.275067 4.59054 1731005849700
-0.442692 -0.310088 4.62186 1731005849900
-0.425507 -0.337063 4.65095 1731005850103
-0.444417 -0.373076 4.67702 1731005850300
-0.422797 -0.399353 4.70267 1731005850501
-0.441068 -0.432668 4.72645 1731005850703
-0.413971 -0.457536 4.74961 1731005850903
-0.431053 -0.487571 4.77001 1731005851101
-0.397649 -0.50675 4.78904 1731005851301
-0.406797 -0.533448 4.8114 1731005851502
-0.370669 -0.547213 4.82483 1731005851701
-0.387436 -0.570484 4.84251 1731005851900
-0.344478 -0.578901 4.85853 1731005852101
-0.355899 -0.591744 4.87266 1731005852303
-0.313901 -0.595563 4.88503 1731005852500
-0.321249 -0.595599 4.89765 1731005852701
-0.279129 -0.59352 4.90989 1731005852901
-0.270321 -0.58476 4.92163 1731005853102
-0.227506 -0.574894 4.9341 1731005853301
-0.198178 -0.570588 4.94365 1731005853500
-0.146979 -0.550638 4.95757 1731005853702
-0.10423 -0.56579 4.96645 1731005853901
-0.0670484 -0.549952 4.97384 1731005854102
-0.0437349 -0.586273 4.98289 1731005854300
0.00259522 -0.563285 4.99112 1731005854501
-0.00147493 -0.588042 4.99916 1731005854700
0.0473845 -0.561758 5.00631 1731005854901
0.0265614 -0.549417 5.0123 1731005855102
0.0780711 -0.520277 5.01975 1731005855300
0.084637 -0.449935 5.02571 1731005855500
0.132311 -0.428081 5.03103 1731005855700
0.192734 -0.335311 5.037 1731005855901
0.249647 -0.300959 5.04342 1731005856103
0.37691 -0.233468 5.05131 1731005856301
0.429866 -0.194019 5.05699 1731005856502
0.600819 -0.213365 5.0685 1731005856703
0.643412 -0.183119 5.07225 1731005856902
0.761334 -0.32274 5.08814 1731005857101
0.81146 -0.281043 5.09258 1731005857303
0.789026 -0.457465 5.10592 1731005857501
0.834562 -0.428041 5.10908 1731005857702
0.612171 -0.518651 5.10681 1731005857901
0.666541 -0.478626 5.11062 1731005858102
0.329417 -0.293957 5.09276 1731005858300
0.374447 -0.251952 5.09591 1731005858502
0.232868 0.311651 5.0685 1731005858700
0.278274 0.351577 5.07287 1731005858902
0.683835 1.11225 5.05885 1731005859102
0.728682 1.15154 5.06297 1731005859300
1.82841 1.57039 5.08531 1731005859503
1.86569 1.6175 5.08924 1731005859704
3.40157 1.02704 5.16687 1731005859903
3.43595 1.06864 5.16795 1731005860103
4.39086 -1.00156 5.28207 1731005860304
4.43675 -0.943201 5.27791 1731005860504
3.39325 -3.96523 5.35531 1731005860705
3.44866 -3.91926 5.35042 1731005860904
-0.67525 -6.05476 5.28347 1731005861102
-0.604513 -5.99685 5.27372 1731005861303
-7.11747 -4.16533 5.02573 1731005861506
-7.05235 -4.11721 5.03306 1731005861705
-12.3008 4.30752 4.54266 1731005861902
-12.2597 4.32712 4.57172 1731005862105
-9.64085 18.7269 4.10144 1731005862303
-9.63068 18.74 4.14528 1731005862505
7.40087 31.9423 4.24263 1731005862703
7.38032 31.9846 4.28572 1731005862906
39.0653 29.7551 5.44383 1731005863105
39.0329 29.8367 5.44981 1731005863303
71.6745 -3.95913 7.89829 1731005863504
71.6996 -3.83256 7.82813 1731005863702
74.2048 -73.3304 10.1705 1731005863904
74.3244 -73.166 9.90018 1731005864105
8.57731 -152.871 10.5989 1731005864305
0.578577 -145.553 9.68346 1731005864502
-135.826 -119.451 4.11869 1731005864704
-125.809 -82.609 2.83585 1731005864904
-155.183 18.7289 -1.19722 1731005865105
-131.524 32.7297 -0.978045 1731005865303
-99.2395 126.612 -2.66217 1731005865505
-69.0935 120.096 -1.52736 1731005865703
29.625 167.217 0.450393 1731005865905
45.9692 136.44 1.73994 1731005866102
89.4558 14.1531 6.58359 1731005866305
106.614 27.2911 7.00022 1731005866505
103.438 -17.4576 9.36142 1731005866704
89.5664 -25.6742 8.67306 1731005866903
69.0463 -91.0711 10.7535 1731005867103
51.5798 -87.6637 9.44199 1731005867305
-39.6994 -55.9115 4.4262 1731005867503
-41.4352 -71.9502 5.17634 1731005867702
-69.0851 -43.4511 4.31636 1731005867904
-69.0206 -43.4404 4.351 1731005868102
-123.086 22.8049 -0.21402 1731005868303
-123.043 22.8392 -0.0309396 1731005868504
-24.4146 101.078 -0.125145 1731005868702
-37.6991 115.933 -0.687449 1731005868904
28.2001 119.14 1.87708 1731005869104
21.893 128.179 1.6268 1731005869302
109.656 35.3069 6.8245 1731005869503
124.508 52.3731 7.01133 1731005869704
59.917 -41.6392 7.33149 1731005869903
79.392 -43.7088 8.33231 1731005870102
57.3981 -65.2513 9.49414 1731005870304
57.4507 -65.213 9.34216 1731005870502
-22.1222 -101.356 7.16963 1731005870704
-28.6786 -81.6524 5.83924 1731005870904
-71.6623 -45.3873 4.09127 1731005871102
-67.2542 -32.6764 3.53404 1731005871302
-89.7521 21.7947 1.35721 1731005871504
-89.8382 21.7562 1.50839 1731005871703
-82.4626 117.635 -1.65449 1731005871904
-82.4229 117.687 -1.42255 1731005872104
53.4411 162.63 1.14677 1731005872301
21.4838 217.952 -0.804906 1731005872502
197.972 125.617 7.51751 1731005872703
178.128 79.9288 7.8271 1731005872902
199.093 -43.3851 13.4215 1731005873103
166.156 -59.7781 12.1572 1731005873304
16.8921 -112.086 8.25738 1731005873504
35.1208 -134.532 9.85419 1731005873703
-34.5599 -128.83 8.34878 1731005873902
-43.1303 -111.283 6.97255 1731005874111
-133.016 -72.5268 3.04093 1731005874302
-124.597 -49.334 2.24213 1731005874501
-155.902 64.3035 -2.92821 1731005874702
-122.322 73.1219 -2.18996 1731005874903
-51.6893 155.723 -2.11896 1731005875101
-24.8678 137.443 -0.686369 1731005875303
