-0.402774 0.00401663 2.63354 -0.00676472 0.00600887 0.362303
-0.403837 0.00570171 2.72412 -0.00257237 0.00723692 0.363217
-0.404231 0.00753077 2.79754 -0.00192033 0.0099302 0.364382
-0.404997 0.00928621 2.86957 -0.00454731 0.00902515 0.364234
-0.405404 0.0108006 2.92451 -0.00254785 0.0103543 0.36252
-0.406185 0.0131193 3.01485 -0.00300161 0.00936971 0.361967
-0.40667 0.0145143 3.06907 -0.00342918 0.00950684 0.362742
-0.407568 0.0161288 3.14155 -0.00441868 0.00858401 0.362781
-0.408181 0.0177458 3.2135 -0.00257607 0.00810649 0.360757
-0.409033 0.0197994 3.30451 -0.00329029 0.00967146 0.362643
-0.409566 0.0213909 3.35857 -0.00356485 0.0112537 0.362627
-0.410081 0.0231526 3.44897 -0.00126794 0.00635493 0.361579
-0.410396 0.0241967 3.50343 -0.00211906 0.00764796 0.363885
-0.410856 0.0254402 3.57704 -0.002494 0.00743385 0.364143
-0.411488 0.0273774 3.66703 -0.00254863 0.00860995 0.362922
-0.412481 0.0291842 3.74034 -0.00513052 0.0106123 0.361973
-0.41284 0.0303532 3.7943 -0.00191887 0.00819421 0.359918
-0.413312 0.031968 3.86545 -0.0021633 0.00900525 0.356245
-0.41425 0.0340192 3.95393 -0.00490161 0.00832815 0.34853
-0.415687 0.0347497 4.00579 -0.00555504 0.00722293 0.339969
-0.415909 0.0362366 4.08867 -0.00047168 0.00564091 0.319952
-0.417337 0.0366638 4.147 0.00713885 1.00901e-05 0.250015
-0.412261 0.034275 4.18782 0.0166759 -0.0122072 0.146195
-0.421753 0.0343734 4.20283 0.0194616 -0.022084 0.0748137
-0.414981 0.0215865 4.21526 0.00906974 -0.071157 0.0677955
-0.433331 0.00386718 4.23233 0.00218114 -0.125023 0.111807
-0.435439 -0.0264389 4.25978 -0.00555524 -0.152604 0.159111
-0.436832 -0.0542437 4.29427 -0.00972376 -0.159665 0.191558
-0.440452 -0.0872877 4.33548 -0.0045633 -0.160414 0.213058
-0.43391 -0.113754 4.37965 -0.00370822 -0.159021 0.225484
-0.431387 -0.145601 4.42535 -0.000718593 -0.158767 0.22662
-0.434107 -0.177347 4.47035 0.00141397 -0.159038 0.220657
-0.424148 -0.214849 4.52445 0.00603908 -0.155261 0.208456
-0.438904 -0.246007 4.55389 0.00133613 -0.155094 0.191076
-0.426876 -0.275067 4.59054 0.00923812 -0.151816 0.171551
-0.442692 -0.310088 4.62186 0.00976068 -0.143218 0.150839
-0.425507 -0.337063 4.65095 0.0150163 -0.14087 0.138813
-0.444417 -0.373076 4.67702 0.021549 -0.136837 0.129975
-0.422797 -0.399353 4.70267 0.0306285 -0.139954 0.12523
-0.441068 -0.432668 4.72645 0.0365367 -0.132317 0.118957
-0.413971 -0.457536 4.74961 0.046756 -0.134617 0.109691
-0.431053 -0.487571 4.77001 0.0546819 -0.123172 0.0985323
-0.397649 -0.50675 4.78904 0.0802716 -0.105007 0.0917005
-0.406797 -0.533448 4.8114 0.0987865 -0.0879037 0.0882135
-0.370669 -0.547213 4.82483 0.0988984 -0.131636 0.0902485
-0.387436 -0.570484 4.84251 0.113656 -0.0925019 0.0869077
-0.344478 -0.578901 4.85853 0.13172 -0.0745924 0.0767418
-0.355899 -0.591744 4.87266 0.139587 -0.0563889 0.0660723
-0.313901 -0.595563 4.88503 0.155575 -0.0567756 0.0617911
-0.321249 -0.595599 4.89765 0.168516 -0.0461235 0.0614562
-0.279129 -0.59352 4.90989 0.186415 -0.0427858 0.0622012
-0.270321 -0.58476 4.92163 0.190857 -0.0292681 0.0620997
-0.227506 -0.574894 4.9341 0.201486 -0.0186529 0.0584403
-0.198178 -0.570588 4.94365 0.200453 -0.000420965 0.0571652
-0.146979 -0.550638 4.95757 0.218184 0.0370195 0.0530167
-0.10423 -0.56579 4.96645 0.227731 0.0336887 0.0511781
-0.0670484 -0.549952 4.97384 0.237252 0.0109249 0.049144
-0.0437349 -0.586273 4.98289 0.240018 0.0573559 0.0440399
0.00259522 -0.563285 4.99112 0.261541 0.0589944 0.04146
-0.00147493 -0.588042 4.99916 0.267927 0.0811317 0.0393225
0.0473845 -0.561758 5.00631 0.28732 0.0789605 0.0388292
0.0265614 -0.549417 5.0123 0.294464 0.0907431 0.0388875
0.0780711 -0.520277 5.01975 0.312643 0.0939002 0.0404122
0.084637 -0.449935 5.02571 0.317743 0.152175 0.0345281
0.132311 -0.428081 5.03103 0.334789 0.0611608 0.0390608
0.192734 -0.335311 5.037 0.333458 0.16829 0.0344152
0.249647 -0.300959 5.04342 0.356108 0.124396 0.035194
0.37691 -0.233468 5.05131 0.356414 0.126056 0.0353262
0.429866 -0.194019 5.05699 0.371333 0.132365 0.0341204
0.600819 -0.213365 5.0685 0.362532 0.137664 0.0316656
0.643412 -0.183119 5.07225 0.374375 0.0850763 0.0355738
0.761334 -0.32274 5.08814 0.350332 0.148564 0.0319484
0.81146 -0.281043 5.09258 0.374601 0.151151 0.0298267
0.789026 -0.457465 5.10592 0.374901 0.218863 0.0224495
0.834562 -0.428041 5.10908 0.3798 0.097124 0.0278104
0.612171 -0.518651 5.10681 0.360228 0.221446 0.0214035
0.666541 -0.478626 5.11062 0.379147 0.159775 0.0235837
0.329417 -0.293957 5.09276 0.368176 0.0872927 0.0270348
0.374447 -0.251952 5.09591 0.381744 0.156588 0.022539
0.232868 0.311651 5.0685 0.372025 0.157896 0.0238333
0.278274 0.351577 5.07287 0.386201 0.157344 0.0246577
0.683835 1.11225 5.05885 0.380668 0.220586 0.0190648
0.728682 1.15154 5.06297 0.388837 0.157956 0.0223198
1.82841 1.57039 5.08531 0.370544 0.0964789 0.0271326
1.86569 1.6175 5.08924 0.389236 0.163405 0.0265578
3.40157 1.02704 5.16687 0.380124 0.22488 0.0239502
3.43595 1.06864 5.16795 0.391232 0.108577 0.0253065
4.39086 -1.00156 5.28207 0.360311 0.153726 0.0198785
4.43675 -0.943201 5.27791 0.389635 0.170807 0.0226906
3.39325 -3.96523 5.35531 0.379913 0.233644 0.020289
3.44866 -3.91926 5.35042 0.394859 0.113155 0.0262589
-0.67525 -6.05476 5.28347 0.363742 0.166038 0.0232772
-0.604513 -5.99685 5.27372 0.398725 0.238451 0.0211712
-7.11747 -4.16533 5.02573 0.40378 0.0964217 0.0271568
-7.05235 -4.11721 5.03306 0.409492 0.245788 0.0216528
-12.3008 4.30752 4.54266 0.408862 0.0968565 0.026849
-12.2597 4.32712 4.57172 0.404559 0.186027 0.025409
-9.64085 18.7269 4.10144 0.385963 0.179169 0.0265752
-9.63068 18.74 4.14528 0.400014 0.196475 0.0231771
7.40087 31.9423 4.24263 0.390335 0.184503 0.0202686
7.38032 31.9846 4.28572 0.402476 0.20299 0.0212125
39.0653 29.7551 5.44383 0.396431 0.262958 0.0202165
39.0329 29.8367 5.44981 0.402565 0.132633 0.0256534
71.6745 -3.95913 7.89829 0.37103 0.181551 0.0200887
71.6996 -3.83256 7.82813 0.400115 0.20058 0.020438
74.2048 -73.3304 10.1705 0.389265 0.177419 0.0213426
74.3244 -73.166 9.90018 0.403091 0.267382 0.0194254
8.57731 -152.871 10.5989 0.406452 0.179475 0.0243309
0.578577 -145.553 9.68346 0.386623 0.182029 0.0448147
-135.826 -119.451 4.11869 0.352526 0.16798 0.0671257
-125.809 -82.609 2.83585 0.30851 0.0927306 0.127201
-155.183 18.7289 -1.19722 0.369677 0.20814 0.0479488
-131.524 32.7297 -0.978045 0.343899 0.160959 0.0989599
-99.2395 126.612 -2.66217 0.393258 0.210812 0.0232479
-69.0935 120.096 -1.52736 0.355754 0.16542 0.0809576
29.625 167.217 0.450393 0.387813 0.268396 0.0315105
45.9692 136.44 1.73994 0.337179 0.110231 0.0945196
89.4558 14.1531 6.58359 0.254667 0.101494 0.202018
106.614 27.2911 7.00022 0.292547 0.12045 0.164422
103.438 -17.4576 9.36142 0.391419 0.219465 0.0337465
89.5664 -25.6742 8.67306 0.360481 0.174445 0.078306
69.0463 -91.0711 10.7535 0.397225 0.205506 0.0199598
51.5798 -87.6637 9.44199 0.374991 0.233882 0.0689538
-39.6994 -55.9115 4.4262 0.250303 0.0640224 0.202707
-41.4352 -71.9502 5.17634 0.296024 0.121496 0.162737
-69.0851 -43.4511 4.31636 0.400753 0.292446 0.0185524
-69.0206 -43.4404 4.351 0.404945 0.145409 0.0214069
-123.086 22.8049 -0.21402 0.371646 0.256649 0.0191634
-123.043 22.8392 -0.0309396 0.395768 0.204658 0.0206752
-24.4146 101.078 -0.125145 0.242432 0.0529871 0.19739
-37.6991 115.933 -0.687449 0.295092 0.118333 0.165251
28.2001 119.14 1.87708 0.385426 0.268159 0.0464943
21.893 128.179 1.6268 0.40828 0.209681 0.0218194
109.656 35.3069 6.8245 0.278519 0.0983372 0.179584
124.508 52.3731 7.01133 0.311721 0.130983 0.145122
59.917 -41.6392 7.33149 0.240118 0.0733884 0.207907
79.392 -43.7088 8.33231 0.297863 0.123498 0.166899
57.3981 -65.2513 9.49414 0.402909 0.292864 0.0193468
57.4507 -65.213 9.34216 0.401717 0.210846 0.020728
-22.1222 -101.356 7.16963 0.322258 0.0850125 0.0990649
-28.6786 -81.6524 5.83924 0.322203 0.168608 0.147725
-71.6623 -45.3873 4.09127 0.385432 0.146514 0.0470945
-67.2542 -32.6764 3.53404 0.359922 0.216198 0.0920863
-89.7521 21.7947 1.35721 0.407833 0.214552 0.0242848
-89.8382 21.7562 1.50839 0.405059 0.205564 0.0217336
-82.4626 117.635 -1.65449 0.390102 0.186018 0.0209625
-82.4229 117.687 -1.42255 0.403384 0.134691 0.0225749
53.4411 162.63 1.14677 0.309256 0.138147 0.112426
21.4838 217.952 -0.804906 0.40107 0.204176 0.0229074
197.972 125.617 7.51751 0.361757 0.175857 0.0678327
178.128 79.9288 7.8271 0.327175 0.148329 0.12379
199.093 -43.3851 13.4215 0.389968 0.269632 0.0337551
166.156 -59.7781 12.1572 0.35083 0.169316 0.0906386
16.8921 -112.086 8.25738 0.268444 0.106471 0.195566
35.1208 -134.532 9.85419 0.291011 0.0913429 0.152712
-34.5599 -128.83 8.34878 0.386628 0.218867 0.0317821
-43.1303 -111.283 6.97255 0.373631 0.242033 0.0728116
-133.016 -72.5268 3.04093 0.413382 0.191099 0.0207668
-124.597 -49.334 2.24213 0.363694 0.12037 0.0727779
-155.902 64.3035 -2.92821 0.364585 0.193703 0.0432214
-122.322 73.1219 -2.18996 0.341641 0.158678 0.103252
-51.6893 155.723 -2.11896 0.383323 0.203409 0.0426076
-24.8678 137.443 -0.686369 0.353215 0.209742 0.0997547
