-0.00676472 0.00600887 0.362303 1731005842902
-0.00257237 0.00723692 0.363217 1731005843102
-0.00192033 0.0099302 0.364382 1731005843304
-0.00454731 0.00902515 0.364234 1731005843502
-0.00254785 0.0103543 0.36252 1731005843701
-0.00300161 0.00936971 0.361967 1731005843903
-0.00342918 0.00950684 0.362742 1731005844103
-0.00441868 0.00858401 0.362781 1731005844304
-0.00257607 0.00810649 0.360757 1731005844503
-0.00329029 0.00967146 0.362643 1731005844702
-0.00356485 0.0112537 0.362627 1731005844903
-0.00126794 0.00635493 0.361579 1731005845101
-0.00211906 0.00764796 0.363885 1731005845303
-0.002494 0.00743385 0.364143 1731005845502
-0.00254863 0.00860995 0.362922 1731005845701
-0.00513052 0.0106123 0.361973 1731005845903
-0.00191887 0.00819421 0.359918 1731005846101
-0.0021633 0.00900525 0.356245 1731005846303
-0.00490161 0.00832815 0.34853 1731005846502
-0.00555504 0.00722293 0.339969 1731005846703
-0.00047168 0.00564091 0.319952 1731005846903
0.00713885 1.00901e-05 0.250015 1731005847102
0.0166759 -0.0122072 0.146195 1731005847304
0.0194616 -0.022084 0.0748137 1731005847501
0.00906974 -0.071157 0.0677955 1731005847703
0.00218114 -0.125023 0.111807 1731005847902
-0.00555524 -0.152604 0.159111 1731005848101
-0.00972376 -0.159665 0.191558 1731005848303
-0.0045633 -0.160414 0.213058 1731005848500
-0.00370822 -0.159021 0.225484 1731005848702
-0.000718593 -0.158767 0.22662 1731005848903
0.00141397 -0.159038 0.220657 1731005849102
0.00603908 -0.155261 0.208456 1731005849301
0.00133613 -0.155094 0.191076 1731005849503
0.00923812 -0.151816 0.171551 1731005849700
0.00976068 -0.143218 0.150839 1731005849900
0.0150163 -0.14087 0.138813 1731005850103
0.021549 -0.136837 0.129975 1731005850300
0.0306285 -0.139954 0.12523 1731005850501
0.0365367 -0.132317 0.118957 1731005850703
0.046756 -0.134617 0.109691 1731005850903
0.0546819 -0.123172 0.0985323 1731005851101
0.0802716 -0.105007 0.0917005 1731005851301
0.0987865 -0.0879037 0.0882135 1731005851502
0.0988984 -0.131636 0.0902485 1731005851701
0.113656 -0.0925019 0.0869077 1731005851900
0.13172 -0.0745924 0.0767418 1731005852101
0.139587 -0.0563889 0.0660723 1731005852303
0.155575 -0.0567756 0.0617911 1731005852500
0.168516 -0.0461235 0.0614562 1731005852701
0.186415 -0.0427858 0.0622012 1731005852901
0.190857 -0.0292681 0.0620997 1731005853102
0.201486 -0.0186529 0.0584403 1731005853301
0.200453 -0.000420965 0.0571652 1731005853500
0.218184 0.0370195 0.0530167 1731005853702
0.227731 0.0336887 0.0511781 1731005853901
0.237252 0.0109249 0.049144 1731005854102
0.240018 0.0573559 0.0440399 1731005854300
0.261541 0.0589944 0.04146 1731005854501
0.267927 0.0811317 0.0393225 1731005854700
0.28732 0.0789605 0.0388292 1731005854901
0.294464 0.0907431 0.0388875 1731005855102
0.312643 0.0939002 0.0404122 1731005855300
0.317743 0.152175 0.0345281 1731005855500
0.334789 0.0611608 0.0390608 1731005855700
0.333458 0.16829 0.0344152 1731005855901
0.356108 0.124396 0.035194 1731005856103
0.356414 0.126056 0.0353262 1731005856301
0.371333 0.132365 0.0341204 1731005856502
0.362532 0.137664 0.0316656 1731005856703
0.374375 0.0850763 0.0355738 1731005856902
0.350332 0.148564 0.0319484 1731005857101
0.374601 0.151151 0.0298267 1731005857303
0.374901 0.218863 0.0224495 1731005857501
0.3798 0.097124 0.0278104 1731005857702
0.360228 0.221446 0.0214035 1731005857901
0.379147 0.159775 0.0235837 1731005858102
0.368176 0.0872927 0.0270348 1731005858300
0.381744 0.156588 0.022539 1731005858502
0.372025 0.157896 0.0238333 1731005858700
0.386201 0.157344 0.0246577 1731005858902
0.380668 0.220586 0.0190648 1731005859102
0.388837 0.157956 0.0223198 1731005859300
0.370544 0.0964789 0.0271326 1731005859503
0.389236 0.163405 0.0265578 1731005859704
0.380124 0.22488 0.0239502 1731005859903
0.391232 0.108577 0.0253065 1731005860103
0.360311 0.153726 0.0198785 1731005860304
0.389635 0.170807 0.0226906 1731005860504
0.379913 0.233644 0.020289 1731005860705
0.394859 0.113155 0.0262589 1731005860904
0.363742 0.166038 0.0232772 1731005861102
0.398725 0.238451 0.0211712 1731005861303
0.40378 0.0964217 0.0271568 1731005861506
0.409492 0.245788 0.0216528 1731005861705
0.408862 0.0968565 0.026849 1731005861902
0.404559 0.186027 0.025409 1731005862105
0.385963 0.179169 0.0265752 1731005862303
0.400014 0.196475 0.0231771 1731005862505
0.390335 0.184503 0.0202686 1731005862703
0.402476 0.20299 0.0212125 1731005862906
0.396431 0.262958 0.0202165 1731005863105
0.402565 0.132633 0.0256534 1731005863303
0.37103 0.181551 0.0200887 1731005863504
0.400115 0.20058 0.020438 1731005863702
0.389265 0.177419 0.0213426 1731005863904
0.403091 0.267382 0.0194254 1731005864105
0.406452 0.179475 0.0243309 1731005864305
0.386623 0.182029 0.0448147 1731005864502
0.352526 0.16798 0.0671257 1731005864704
0.30851 0.0927306 0.127201 1731005864904
0.369677 0.20814 0.0479488 1731005865105
0.343899 0.160959 0.0989599 1731005865303
0.393258 0.210812 0.0232479 1731005865505
0.355754 0.16542 0.0809576 1731005865703
0.387813 0.268396 0.0315105 1731005865905
0.337179 0.110231 0.0945196 1731005866102
0.254667 0.101494 0.202018 1731005866305
0.292547 0.12045 0.164422 1731005866505
0.391419 0.219465 0.0337465 1731005866704
0.360481 0.174445 0.078306 1731005866903
0.397225 0.205506 0.0199598 1731005867103
0.374991 0.233882 0.0689538 1731005867305
0.250303 0.0640224 0.202707 1731005867503
0.296024 0.121496 0.162737 1731005867702
0.400753 0.292446 0.0185524 1731005867904
0.404945 0.145409 0.0214069 1731005868102
0.371646 0.256649 0.0191634 1731005868303
0.395768 0.204658 0.0206752 1731005868504
0.242432 0.0529871 0.19739 1731005868702
0.295092 0.118333 0.165251 1731005868904
0.385426 0.268159 0.0464943 1731005869104
0.40828 0.209681 0.0218194 1731005869302
0.278519 0.0983372 0.179584 1731005869503
0.311721 0.130983 0.145122 1731005869704
0.240118 0.0733884 0.207907 1731005869903
0.297863 0.123498 0.166899 1731005870102
0.402909 0.292864 0.0193468 1731005870304
0.401717 0.210846 0.020728 1731005870502
0.322258 0.0850125 0.0990649 1731005870704
0.322203 0.168608 0.147725 1731005870904
0.385432 0.146514 0.0470945 1731005871102
0.359922 0.216198 0.0920863 1731005871302
0.407833 0.214552 0.0242848 1731005871504
0.405059 0.205564 0.0217336 1731005871703
0.390102 0.186018 0.0209625 1731005871904
0.403384 0.134691 0.0225749 1731005872104
0.309256 0.138147 0.112426 1731005872301
0.40107 0.204176 0.0229074 1731005872502
0.361757 0.175857 0.0678327 1731005872703
0.327175 0.148329 0.12379 1731005872902
0.389968 0.269632 0.0337551 1731005873103
0.35083 0.169316 0.0906386 1731005873304
0.268444 0.106471 0.195566 1731005873504
0.291011 0.0913429 0.152712 1731005873703
0.386628 0.218867 0.0317821 1731005873902
0.373631 0.242033 0.0728116 1731005874111
0.413382 0.191099 0.0207668 1731005874302
0.363694 0.12037 0.0727779 1731005874501
0.364585 0.193703 0.0432214 1731005874702
0.341641 0.158678 0.103252 1731005874903
0.383323 0.203409 0.0426076 1731005875101
0.353215 0.209742 0.0997547 1731005875303
